100
0 46 1 29779
1 4 1 11235
1 12 1 3459
1 23 1 20611
1 30 1 12244
1 32 1 14877
1 36 1 25038
2 15 1 8686
2 19 1 27185
2 30 1 6134
2 34 1 31850
3 26 1 3699
3 32 1 13130
3 35 1 16089
3 37 1 5228
3 40 -1 20611
4 4 1 24625
4 16 1 18434
4 19 1 2271
4 32 1 5934
4 36 1 8078
4 45 -1 6134
4 53 1 17268
5 8 1 8737
5 13 1 31845
6 16 1 10236
6 58 -1 2271
7 19 -1 3699
7 39 1 23285
7 57 -1 10236
8 2 1 25825
8 14 1 23553
8 20 1 28963
8 33 1 6913
8 34 1 13462
8 36 -1 13462
8 40 -1 8078
8 45 1 18419
9 13 1 9689
9 33 1 7780
9 46 -1 18434
10 10 1 7279
10 16 1 22803
10 17 1 21980
10 20 1 976
10 34 1 24773
10 42 1 26587
10 46 1 19916
11 2 1 6746
11 14 -1 27185
11 33 1 17092
11 41 1 795
11 53 1 24239
11 56 1 22837
12 12 1 12982
12 40 1 7948
12 42 -1 24773
13 1 1 16684
13 2 -1 7279
13 19 -1 16089
14 2 1 14262
14 11 1 2239
14 45 -1 23553
15 13 -1 5228
15 33 1 3427
15 37 1 23903
15 57 1 25519
16 30 -1 21980
16 32 -1 8737
16 34 -1 22803
17 45 -1 2239
18 20 1 21459
18 31 -1 5934
18 47 -1 17092
18 51 1 10986
19 13 1 15432
19 14 1 30067
19 44 -1 3459
19 48 1 9527
19 53 1 31317
20 5 -1 21459
20 7 1 10500
20 10 -1 23285
20 43 -1 29779
20 51 -1 22837
20 52 1 21157
21 17 -1 25038
21 31 1 28808
21 45 1 31376
22 4 1 11194
22 10 -1 13130
22 22 -1 25519
22 26 -1 8686
22 31 -1 976
22 36 1 17301
22 48 1 23630
22 54 -1 31317
22 57 1 22255
23 8 -1 7948
23 51 1 18482
