90
28 540006
46 511197
42 883607
57 449460
53 451210
21 667443
48 201830
59 546384
56 871221
71 353557
42 745844
21 370115
69 738081
19 535798
61 81076
34 291071
30 267955
50 780123
45 344615
43 589234
55 127890
75 334164
68 661634
34 677478
40 442074
57 752180
27 140807
23 291516
45 28862
59 616497
35 258511
49 512468
57 90841
41 133953
39 166566
35 13062
21 605187
71 310869
57 283280
58 143502
73 386593
40 535055
60 52569
19 297993
42 320022
60 418369
40 280918
60 327960
41 485559
64 278344
70 886937
40 892964
53 122625
46 262401
54 423296
38 65340
45 605814
51 143160
75 355790
36 29562
70 129632
48 238369
39 209303
22 142359
30 524380
27 533959
47 515444
68 544597
56 50477
69 713752
40 121609
76 240936
63 243461
35 424330
50 746246
59 788285
45 206950
37 228574
57 390075
77 859068
33 575825
40 326412
47 638050
45 470318
76 896896
37 646258
56 11798
32 594604
64 499323
71 735694
