90
17 405
118 313
5 664
145 804
100 894
54 297
99 297
146 448
140 548
11 173
73 820
6 661
135 437
131 898
48 726
42 263
6 750
68 872
2 266
36 764
37 771
115 568
4 262
46 205
109 348
81 534
10 161
12 862
73 184
91 514
66 857
124 870
55 304
135 448
38 47
132 346
106 785
56 732
99 535
58 595
150 55
32 267
87 785
142 453
35 688
19 16
126 272
149 282
99 454
84 246
70 203
141 122
55 610
14 535
105 201
61 288
104 629
63 160
140 767
22 335
71 113
96 308
83 874
63 648
107 27
116 760
83 50
142 323
143 158
102 150
39 152
102 557
103 683
135 109
91 448
11 451
72 701
146 320
109 550
81 287
85 265
50 564
141 772
36 564
29 107
127 832
42 500
75 566
3 659
71 725
