1000 500
622 724
377 681
691 706
753 772
120 826
818 948
903 927
495 862
587 614
10 241
822 969
573 847
142 211
833 927
845 924
932 987
573 787
446 551
618 891
211 649
279 716
82 915
583 723
942 995
523 822
874 964
555 576
263 738
467 527
741 947
900 969
303 615
719 763
635 835
186 895
670 881
351 765
670 985
386 958
666 839
632 941
919 968
994 999
180 998
921 929
926 935
640 646
389 591
472 678
206 215
65 186
687 690
95 809
272 899
537 892
508 567
922 964
976 993
75 869
946 985
732 744
196 301
60 567
331 423
566 877
160 540
93 266
177 257
600 998
931 964
198 927
159 303
508 855
851 988
704 982
33 991
774 880
974 999
419 889
646 676
686 708
767 938
940 950
466 688
982 997
624 868
192 718
275 936
370 715
971 986
542 562
949 978
390 528
5 765
96 913
471 984
357 418
339 691
21 241
599 671
329 627
105 619
980 993
843 924
357 366
286 681
49 732
663 859
462 702
319 969
694 901
51 481
71 714
250 535
662 755
894 908
895 948
987 992
890 930
804 906
453 683
418 801
773 794
295 591
730 942
446 539
386 568
488 789
677 943
217 218
516 614
750 915
552 886
80 340
595 843
920 955
282 556
57 754
889 900
35 54
368 941
875 895
525 996
732 895
14 560
822 974
228 308
700 730
479 717
980 982
840 923
887 969
864 998
618 827
989 999
335 533
801 842
768 791
492 534
822 991
789 862
283 981
349 934
717 823
117 469
905 946
418 809
713 966
630 713
133 694
124 687
331 920
781 962
919 920
800 847
382 721
718 896
483 999
502 577
772 957
357 926
779 894
399 675
324 932
676 883
404 757
93 390
527 564
702 958
970 988
447 449
364 591
906 959
244 630
795 826
636 727
990 991
575 860
609 906
444 941
274 479
400 630
981 982
728 753
176 871
866 899
516 783
39 170
482 542
847 937
491 618
940 963
404 406
894 906
355 876
704 711
631 947
911 923
953 983
215 612
854 928
578 636
33 724
243 610
481 658
811 932
915 950
477 660
530 805
809 902
403 608
15 656
896 912
442 463
291 975
183 981
494 873
52 936
61 288
866 882
981 998
918 952
627 663
760 899
36 600
949 968
206 210
187 784
418 852
367 697
684 750
414 548
287 907
432 673
63 361
602 766
484 512
482 684
833 878
825 981
775 898
835 879
382 980
792 896
261 890
324 803
771 772
213 418
424 457
514 783
495 662
935 945
549 689
878 910
51 805
290 884
484 739
468 799
441 907
288 531
955 980
868 882
928 988
587 926
920 930
464 821
664 962
386 791
681 719
317 880
25 969
659 757
724 940
167 409
764 948
382 987
508 643
369 705
310 846
674 716
684 848
775 776
830 843
5 907
459 586
865 996
892 932
877 913
82 283
654 691
826 991
653 954
667 761
162 424
137 517
429 905
842 919
481 728
556 558
115 303
923 963
723 741
594 981
136 286
614 773
391 871
680 706
417 914
424 883
945 984
241 375
547 657
304 756
621 861
313 673
304 960
206 258
751 866
546 697
933 989
542 722
168 206
679 811
846 858
774 786
431 800
850 930
650 929
592 865
945 996
333 525
671 854
419 636
238 498
552 734
372 643
203 579
940 998
457 904
335 431
728 938
242 680
631 985
714 937
905 930
883 914
709 999
314 929
785 788
931 983
964 969
722 756
241 502
913 968
154 339
124 573
566 917
68 757
979 994
751 822
444 703
753 910
748 981
78 734
21 386
306 996
105 788
220 404
55 483
882 886
897 915
162 299
351 403
55 585
557 677
741 858
981 982
222 410
577 863
547 746
975 992
97 144
926 990
133 642
496 800
817 838
524 919
226 620
686 920
463 657
88 442
811 984
682 769
22 683
989 991
283 464
506 712
64 562
930 947
56 125
814 967
698 769
562 575
290 674
722 897
563 685
392 505
664 849
180 969
906 948
555 598
328 543
621 872
23 677
327 697
471 746
852 920
607 901
458 843
145 355
415 933
784 885
676 975
263 565
890 957
866 963
965 966
937 959
856 869
117 690
458 687
555 901
493 779
61 897
52 574
262 453
40 928
115 594
79 291
760 993
587 983
592 733
640 889
579 743
912 992
345 457
455 915
231 281
357 663
599 960
308 897
917 980
946 977
754 812
455 763
679 869
223 746
182 225
582 809
175 846
537 632
328 504
157 734
477 771
749 925
622 776
288 780
552 857
566 813
6 389
419 952
341 502
2 369
109 114
472 644
596 857
664 814
343 567
275 669
882 912
