1000 100
928 930
63 124
49 81
467 738
662 981
528 902
698 832
671 904
618 714
810 825
782 886
582 985
282 341
407 893
177 291
588 731
868 966
106 236
704 782
248 892
768 825
719 871
185 868
418 461
241 737
637 985
53 219
46 668
521 721
455 774
828 870
9 355
797 804
180 324
16 550
624 883
741 899
765 790
259 478
710 861
546 613
981 992
800 983
334 342
643 911
882 951
572 991
615 943
557 992
357 764
487 567
217 782
583 608
531 651
737 959
412 585
226 746
22 893
169 562
838 889
598 821
294 734
64 710
332 692
209 346
631 930
869 988
470 762
851 862
462 837
711 989
687 937
508 898
57 481
754 942
115 376
489 692
849 889
718 811
508 932
223 233
874 937
124 522
889 986
410 956
90 874
83 960
792 975
464 537
581 688
694 788
241 606
443 675
898 978
369 979
827 904
915 937
37 921
652 942
526 985
