930
10 5 5 5
13 4 4 4
12 3 3 3
13 2 2 2
10 1 1 1
6 1 3 4
7 2 4 3
11 3 4 3
9 4 5 3
10 5 5 2
11 1 1 2
12 2 1 2
12 3 2 1
14 4 2 5
15 5 3 1
16 1 3 0
18 2 4 0
18 3 4 0
19 4 5 0
20 5 5 0
20 1 1 5
19 2 5 5
18 3 2 5
17 4 2 4
16 5 3 4
15 1 3 4
17 2 4 3
13 3 4 3
12 4 5 3
11 5 5 2
12 1 1 2
9 2 1 2
8 3 2 1
8 4 2 1
8 5 3 1
5 1 3 0
4 2 4 0
3 3 4 0
2 4 5 0
1 5 5 0
11 5 5 5
12 4 4 4
13 3 3 3
14 2 2 2
15 1 1 1
7 1 3 4
8 2 4 3
9 3 4 3
10 4 5 3
14 5 5 2
19 1 1 2
20 2 1 2
10 3 2 1
13 4 2 1
16 5 3 1
17 1 3 0
19 2 4 0
19 3 4 0
20 4 5 0
20 2 1 5
19 3 2 5
18 4 2 4
17 5 3 4
16 1 3 4
15 2 4 3
14 3 4 3
13 4 5 3
10 2 1 2
9 3 2 1
0 4 2 1
6 1 3 0
5 2 4 0
4 3 4 0
1 4 5 0
0 5 5 5
1 5 5 5
2 5 5 5
3 5 5 5
4 5 5 5
5 5 5 5
6 5 5 5
7 5 5 5
8 5 5 5
9 5 5 5
12 5 5 5
13 5 5 5
14 5 5 5
15 5 5 5
16 5 5 5
17 5 5 5
18 5 5 5
19 5 5 5
20 5 5 5
10 5 5 5
13 4 4 4
12 3 3 3
13 2 2 2
10 1 1 1
6 1 3 4
7 2 4 3
11 3 4 3
9 4 5 3
10 5 5 2
11 1 1 2
12 2 1 2
12 3 2 1
14 4 2 5
15 5 3 1
16 1 3 0
18 2 4 0
18 3 4 0
19 4 5 0
20 5 5 0
20 1 1 5
19 2 5 5
18 3 2 5
17 4 2 4
16 5 3 4
15 1 3 4
17 2 4 3
13 3 4 3
12 4 5 3
11 5 5 2
12 1 1 2
9 2 1 2
8 3 2 1
8 4 2 1
8 5 3 1
5 1 3 0
4 2 4 0
3 3 4 0
2 4 5 0
1 5 5 0
11 5 5 5
12 4 4 4
13 3 3 3
14 2 2 2
15 1 1 1
7 1 3 4
8 2 4 3
9 3 4 3
10 4 5 3
14 5 5 2
19 1 1 2
20 2 1 2
10 3 2 1
13 4 2 1
16 5 3 1
17 1 3 0
19 2 4 0
19 3 4 0
20 4 5 0
20 2 1 5
19 3 2 5
18 4 2 4
17 5 3 4
16 1 3 4
15 2 4 3
14 3 4 3
13 4 5 3
10 2 1 2
9 3 2 1
0 4 2 1
6 1 3 0
5 2 4 0
4 3 4 0
1 4 5 0
0 5 5 5
1 5 5 5
2 5 5 5
3 5 5 5
4 5 5 5
5 5 5 5
6 5 5 5
7 5 5 5
8 5 5 5
9 5 5 5
12 5 5 5
13 5 5 5
14 5 5 5
15 5 5 5
16 5 5 5
17 5 5 5
18 5 5 5
19 5 5 5
20 5 5 5
10 5 5 5
13 4 4 4
12 3 3 3
13 2 2 2
10 1 1 1
6 1 3 4
7 2 4 3
11 3 4 3
9 4 5 3
10 5 5 2
11 1 1 2
12 2 1 2
12 3 2 1
14 4 2 5
15 5 3 1
16 1 3 0
18 2 4 0
18 3 4 0
19 4 5 0
20 5 5 0
20 1 1 5
19 2 5 5
18 3 2 5
17 4 2 4
16 5 3 4
15 1 3 4
17 2 4 3
13 3 4 3
12 4 5 3
11 5 5 2
12 1 1 2
9 2 1 2
8 3 2 1
8 4 2 1
8 5 3 1
5 1 3 0
4 2 4 0
3 3 4 0
2 4 5 0
1 5 5 0
11 5 5 5
12 4 4 4
13 3 3 3
14 2 2 2
15 1 1 1
7 1 3 4
8 2 4 3
9 3 4 3
10 4 5 3
14 5 5 2
19 1 1 2
20 2 1 2
10 3 2 1
13 4 2 1
16 5 3 1
17 1 3 0
19 2 4 0
19 3 4 0
20 4 5 0
20 2 1 5
19 3 2 5
18 4 2 4
17 5 3 4
16 1 3 4
15 2 4 3
14 3 4 3
13 4 5 3
10 2 1 2
9 3 2 1
0 4 2 1
6 1 3 0
5 2 4 0
4 3 4 0
1 4 5 0
0 5 5 5
1 5 5 5
2 5 5 5
3 5 5 5
4 5 5 5
5 5 5 5
6 5 5 5
7 5 5 5
8 5 5 5
9 5 5 5
12 5 5 5
13 5 5 5
14 5 5 5
15 5 5 5
16 5 5 5
17 5 5 5
18 5 5 5
19 5 5 5
20 5 5 5
10 5 5 5
13 4 4 4
12 3 3 3
13 2 2 2
10 1 1 1
6 1 3 4
7 2 4 3
11 3 4 3
9 4 5 3
10 5 5 2
11 1 1 2
12 2 1 2
12 3 2 1
14 4 2 5
15 5 3 1
16 1 3 0
18 2 4 0
18 3 4 0
19 4 5 0
20 5 5 0
20 1 1 5
19 2 5 5
18 3 2 5
17 4 2 4
16 5 3 4
15 1 3 4
17 2 4 3
13 3 4 3
12 4 5 3
11 5 5 2
12 1 1 2
9 2 1 2
8 3 2 1
8 4 2 1
8 5 3 1
5 1 3 0
4 2 4 0
3 3 4 0
2 4 5 0
1 5 5 0
11 5 5 5
12 4 4 4
13 3 3 3
14 2 2 2
15 1 1 1
7 1 3 4
8 2 4 3
9 3 4 3
10 4 5 3
14 5 5 2
19 1 1 2
20 2 1 2
10 3 2 1
13 4 2 1
16 5 3 1
17 1 3 0
19 2 4 0
19 3 4 0
20 4 5 0
20 2 1 5
19 3 2 5
18 4 2 4
17 5 3 4
16 1 3 4
15 2 4 3
14 3 4 3
13 4 5 3
10 2 1 2
9 3 2 1
0 4 2 1
6 1 3 0
5 2 4 0
4 3 4 0
1 4 5 0
0 5 5 5
1 5 5 5
2 5 5 5
3 5 5 5
4 5 5 5
5 5 5 5
6 5 5 5
7 5 5 5
8 5 5 5
9 5 5 5
12 5 5 5
13 5 5 5
14 5 5 5
15 5 5 5
16 5 5 5
17 5 5 5
18 5 5 5
19 5 5 5
20 5 5 5
10 5 5 5
13 4 4 4
12 3 3 3
13 2 2 2
10 1 1 1
6 1 3 4
7 2 4 3
11 3 4 3
9 4 5 3
10 5 5 2
11 1 1 2
12 2 1 2
12 3 2 1
14 4 2 5
15 5 3 1
16 1 3 0
18 2 4 0
18 3 4 0
19 4 5 0
20 5 5 0
20 1 1 5
19 2 5 5
18 3 2 5
17 4 2 4
16 5 3 4
15 1 3 4
17 2 4 3
13 3 4 3
12 4 5 3
11 5 5 2
12 1 1 2
9 2 1 2
8 3 2 1
8 4 2 1
8 5 3 1
5 1 3 0
4 2 4 0
3 3 4 0
2 4 5 0
1 5 5 0
11 5 5 5
12 4 4 4
13 3 3 3
14 2 2 2
15 1 1 1
7 1 3 4
8 2 4 3
9 3 4 3
10 4 5 3
14 5 5 2
19 1 1 2
20 2 1 2
10 3 2 1
13 4 2 1
16 5 3 1
17 1 3 0
19 2 4 0
19 3 4 0
20 4 5 0
20 2 1 5
19 3 2 5
18 4 2 4
17 5 3 4
16 1 3 4
15 2 4 3
14 3 4 3
13 4 5 3
10 2 1 2
9 3 2 1
0 4 2 1
6 1 3 0
5 2 4 0
4 3 4 0
1 4 5 0
0 5 5 5
1 5 5 5
2 5 5 5
3 5 5 5
4 5 5 5
5 5 5 5
6 5 5 5
7 5 5 5
8 5 5 5
9 5 5 5
12 5 5 5
13 5 5 5
14 5 5 5
15 5 5 5
16 5 5 5
17 5 5 5
18 5 5 5
19 5 5 5
20 5 5 5
10 5 5 5
13 4 4 4
12 3 3 3
13 2 2 2
10 1 1 1
6 1 3 4
7 2 4 3
11 3 4 3
9 4 5 3
10 5 5 2
11 1 1 2
12 2 1 2
12 3 2 1
14 4 2 5
15 5 3 1
16 1 3 0
18 2 4 0
18 3 4 0
19 4 5 0
20 5 5 0
20 1 1 5
19 2 5 5
18 3 2 5
17 4 2 4
16 5 3 4
15 1 3 4
17 2 4 3
13 3 4 3
12 4 5 3
11 5 5 2
12 1 1 2
9 2 1 2
8 3 2 1
8 4 2 1
8 5 3 1
5 1 3 0
4 2 4 0
3 3 4 0
2 4 5 0
1 5 5 0
11 5 5 5
12 4 4 4
13 3 3 3
14 2 2 2
15 1 1 1
7 1 3 4
8 2 4 3
9 3 4 3
10 4 5 3
14 5 5 2
19 1 1 2
20 2 1 2
10 3 2 1
13 4 2 1
16 5 3 1
17 1 3 0
19 2 4 0
19 3 4 0
20 4 5 0
20 2 1 5
19 3 2 5
18 4 2 4
17 5 3 4
16 1 3 4
15 2 4 3
14 3 4 3
13 4 5 3
10 2 1 2
9 3 2 1
0 4 2 1
6 1 3 0
5 2 4 0
4 3 4 0
1 4 5 0
0 5 5 5
1 5 5 5
2 5 5 5
3 5 5 5
4 5 5 5
5 5 5 5
6 5 5 5
7 5 5 5
8 5 5 5
9 5 5 5
12 5 5 5
13 5 5 5
14 5 5 5
15 5 5 5
16 5 5 5
17 5 5 5
18 5 5 5
19 5 5 5
20 5 5 5
10 5 5 5
13 4 4 4
12 3 3 3
13 2 2 2
10 1 1 1
6 1 3 4
7 2 4 3
11 3 4 3
9 4 5 3
10 5 5 2
11 1 1 2
12 2 1 2
12 3 2 1
14 4 2 5
15 5 3 1
16 1 3 0
18 2 4 0
18 3 4 0
19 4 5 0
20 5 5 0
20 1 1 5
19 2 5 5
18 3 2 5
17 4 2 4
16 5 3 4
15 1 3 4
17 2 4 3
13 3 4 3
12 4 5 3
11 5 5 2
12 1 1 2
9 2 1 2
8 3 2 1
8 4 2 1
8 5 3 1
5 1 3 0
4 2 4 0
3 3 4 0
2 4 5 0
1 5 5 0
11 5 5 5
12 4 4 4
13 3 3 3
14 2 2 2
15 1 1 1
7 1 3 4
8 2 4 3
9 3 4 3
10 4 5 3
14 5 5 2
19 1 1 2
20 2 1 2
10 3 2 1
13 4 2 1
16 5 3 1
17 1 3 0
19 2 4 0
19 3 4 0
20 4 5 0
20 2 1 5
19 3 2 5
18 4 2 4
17 5 3 4
16 1 3 4
15 2 4 3
14 3 4 3
13 4 5 3
10 2 1 2
9 3 2 1
0 4 2 1
6 1 3 0
5 2 4 0
4 3 4 0
1 4 5 0
0 5 5 5
1 5 5 5
2 5 5 5
3 5 5 5
4 5 5 5
5 5 5 5
6 5 5 5
7 5 5 5
8 5 5 5
9 5 5 5
12 5 5 5
13 5 5 5
14 5 5 5
15 5 5 5
16 5 5 5
17 5 5 5
18 5 5 5
19 5 5 5
20 5 5 5
10 5 5 5
13 4 4 4
12 3 3 3
13 2 2 2
10 1 1 1
6 1 3 4
7 2 4 3
11 3 4 3
9 4 5 3
10 5 5 2
11 1 1 2
12 2 1 2
12 3 2 1
14 4 2 5
15 5 3 1
16 1 3 0
18 2 4 0
18 3 4 0
19 4 5 0
20 5 5 0
20 1 1 5
19 2 5 5
18 3 2 5
17 4 2 4
16 5 3 4
15 1 3 4
17 2 4 3
13 3 4 3
12 4 5 3
11 5 5 2
12 1 1 2
9 2 1 2
8 3 2 1
8 4 2 1
8 5 3 1
5 1 3 0
4 2 4 0
3 3 4 0
2 4 5 0
1 5 5 0
11 5 5 5
12 4 4 4
13 3 3 3
14 2 2 2
15 1 1 1
7 1 3 4
8 2 4 3
9 3 4 3
10 4 5 3
14 5 5 2
19 1 1 2
20 2 1 2
10 3 2 1
13 4 2 1
16 5 3 1
17 1 3 0
19 2 4 0
19 3 4 0
20 4 5 0
20 2 1 5
19 3 2 5
18 4 2 4
17 5 3 4
16 1 3 4
15 2 4 3
14 3 4 3
13 4 5 3
10 2 1 2
9 3 2 1
0 4 2 1
6 1 3 0
5 2 4 0
4 3 4 0
1 4 5 0
0 5 5 5
1 5 5 5
2 5 5 5
3 5 5 5
4 5 5 5
5 5 5 5
6 5 5 5
7 5 5 5
8 5 5 5
9 5 5 5
12 5 5 5
13 5 5 5
14 5 5 5
15 5 5 5
16 5 5 5
17 5 5 5
18 5 5 5
19 5 5 5
20 5 5 5
10 5 5 5
13 4 4 4
12 3 3 3
13 2 2 2
10 1 1 1
6 1 3 4
7 2 4 3
11 3 4 3
9 4 5 3
10 5 5 2
11 1 1 2
12 2 1 2
12 3 2 1
14 4 2 5
15 5 3 1
16 1 3 0
18 2 4 0
18 3 4 0
19 4 5 0
20 5 5 0
20 1 1 5
19 2 5 5
18 3 2 5
17 4 2 4
16 5 3 4
15 1 3 4
17 2 4 3
13 3 4 3
12 4 5 3
11 5 5 2
12 1 1 2
9 2 1 2
8 3 2 1
8 4 2 1
8 5 3 1
5 1 3 0
4 2 4 0
3 3 4 0
2 4 5 0
1 5 5 0
11 5 5 5
12 4 4 4
13 3 3 3
14 2 2 2
15 1 1 1
7 1 3 4
8 2 4 3
9 3 4 3
10 4 5 3
14 5 5 2
19 1 1 2
20 2 1 2
10 3 2 1
13 4 2 1
16 5 3 1
17 1 3 0
19 2 4 0
19 3 4 0
20 4 5 0
20 2 1 5
19 3 2 5
18 4 2 4
17 5 3 4
16 1 3 4
15 2 4 3
14 3 4 3
13 4 5 3
10 2 1 2
9 3 2 1
0 4 2 1
6 1 3 0
5 2 4 0
4 3 4 0
1 4 5 0
0 5 5 5
1 5 5 5
2 5 5 5
3 5 5 5
4 5 5 5
5 5 5 5
6 5 5 5
7 5 5 5
8 5 5 5
9 5 5 5
12 5 5 5
13 5 5 5
14 5 5 5
15 5 5 5
16 5 5 5
17 5 5 5
18 5 5 5
19 5 5 5
20 5 5 5
10 5 5 5
13 4 4 4
12 3 3 3
13 2 2 2
10 1 1 1
6 1 3 4
7 2 4 3
11 3 4 3
9 4 5 3
10 5 5 2
11 1 1 2
12 2 1 2
12 3 2 1
14 4 2 5
15 5 3 1
16 1 3 0
18 2 4 0
18 3 4 0
19 4 5 0
20 5 5 0
20 1 1 5
19 2 5 5
18 3 2 5
17 4 2 4
16 5 3 4
15 1 3 4
17 2 4 3
13 3 4 3
12 4 5 3
11 5 5 2
12 1 1 2
9 2 1 2
8 3 2 1
8 4 2 1
8 5 3 1
5 1 3 0
4 2 4 0
3 3 4 0
2 4 5 0
1 5 5 0
11 5 5 5
12 4 4 4
13 3 3 3
14 2 2 2
15 1 1 1
7 1 3 4
8 2 4 3
9 3 4 3
10 4 5 3
14 5 5 2
19 1 1 2
20 2 1 2
10 3 2 1
13 4 2 1
16 5 3 1
17 1 3 0
19 2 4 0
19 3 4 0
20 4 5 0
20 2 1 5
19 3 2 5
18 4 2 4
17 5 3 4
16 1 3 4
15 2 4 3
14 3 4 3
13 4 5 3
10 2 1 2
9 3 2 1
0 4 2 1
6 1 3 0
5 2 4 0
4 3 4 0
1 4 5 0
0 5 5 5
1 5 5 5
2 5 5 5
3 5 5 5
4 5 5 5
5 5 5 5
6 5 5 5
7 5 5 5
8 5 5 5
9 5 5 5
12 5 5 5
13 5 5 5
14 5 5 5
15 5 5 5
16 5 5 5
17 5 5 5
18 5 5 5
19 5 5 5
20 5 5 5
