1000
50000
50006
50008
49999
49995
49991
49990
49980
49990
49993
49992
49993
50001
50003
50010
50007
49999
50003
50000
49991
50000
50010
50011
50012
50008
50008
50004
49997
50001
49997
49991
49995
49999
50008
50008
50009
50007
50003
50007
50017
50008
50001
49995
49998
49997
50000
50003
50009
50012
50012
50009
50008
50005
50010
50007
50010
50012
50005
49998
49994
49984
49977
49970
49969
49960
49954
49945
49947
49946
49950
49949
49958
49956
49955
49945
49952
49953
49954
49948
49950
49953
49963
49968
49971
49971
49981
49986
49991
49997
49998
49990
49999
50005
49999
49989
49988
49996
50001
49994
49987
49990
50000
49993
49998
49991
49981
49973
49978
49988
49981
49973
49975
49980
49988
49997
49994
50002
50008
50005
50015
50011
50013
50004
50014
50022
50013
50013
50018
50020
50017
50027
50035
50035
50038
50045
50041
50045
50055
50052
50055
50057
50053
50047
50047
50044
50034
50043
50043
50044
50039
50036
50028
50038
50044
50053
50053
50062
50055
50052
50055
50048
50056
50064
50055
50050
50059
50062
50071
50080
50070
50065
50062
50067
50075
50071
50079
50075
50082
50073
50080
50082
50092
50087
50094
50084
50079
50079
50074
50069
50063
50056
50053
50063
50058
50062
50068
50072
50064
50063
50070
50073
50070
50069
50063
50070
50077
50082
50072
50069
50070
50072
50063
50063
50054
50051
50057
50066
50066
50060
50056
50048
50038
50042
50038
50040
50040
50030
50030
50035
50044
50043
50045
50044
50034
50034
50032
50041
50050
50058
50052
50048
50055
50064
50064
50056
50046
50041
50031
50029
50028
50029
50033
50023
50022
50021
50016
50012
50017
50019
50023
50025
50033
50035
50028
50034
50031
50040
50032
50031
50028
50034
50041
50042
50042
50037
50032
50042
50051
50043
50048
50055
50053
50054
50046
50039
50029
50024
50026
50035
50027
50019
50025
50030
50040
50032
50036
50027
50034
50029
50028
50022
50031
50036
50031
50031
50028
50018
50014
50013
50010
50000
50004
50012
50012
50004
50008
50016
50019
50013
50008
50004
50005
49998
50006
50009
50004
50004
50004
49999
50008
50016
50020
50020
50028
50038
50039
50042
50036
50030
50025
50019
50025
50029
50026
50035
50039
50032
50022
50019
50018
50021
50013
50011
50015
50008
50015
50013
50010
50016
50026
50019
50011
50014
50017
50007
50004
50013
50017
50008
50003
50009
50002
50001
50001
50008
50007
50016
50017
50022
50012
50016
50025
50026
50026
50036
50029
50030
50027
50019
50022
50031
50036
50041
50047
50038
50040
50044
50047
50050
50044
50052
50056
50059
50051
50050
50051
50045
50036
50033
50040
50039
50044
50050
50060
50050
50053
50048
50045
50039
50029
50034
50027
50032
50023
50026
50022
50012
50020
50016
50016
50021
50020
50030
50031
50041
50031
50024
50017
50022
50015
50022
50016
50008
49999
49997
49996
49996
49993
49993
49998
49992
50000
49995
50005
50010
50000
50002
49995
49993
50003
49996
50000
50001
50010
50006
50012
50003
50011
50016
50019
50023
50026
50026
50033
50043
50048
50056
50062
50056
50055
50062
50061
50066
50066
50057
50058
50050
50048
50056
50052
50061
50061
50063
50068
50069
50067
50065
50066
50073
50067
50063
50056
50057
50047
50050
50054
50045
50035
50033
50034
50041
50045
50048
50051
50041
50034
50032
50022
50025
50024
50031
50024
50032
50025
50035
50025
50017
50022
50030
50037
50047
50051
50059
50067
50068
50060
50069
50077
50070
50069
50073
50082
50078
50070
50079
50082
50072
50065
50067
50063
50065
50075
50077
50077
50070
50064
50058
50061
50063
50060
50059
50061
50053
50052
50051
50041
50041
50037
50038
50035
50033
50035
50034
50029
50028
50029
50037
50027
50021
50013
50020
50016
50014
50019
50011
50009
50018
50024
50015
50005
50007
50013
50020
50018
50017
50022
50028
50021
50018
50027
50028
50036
50030
50030
50034
50032
50036
50046
50041
50049
50053
50043
50035
50034
50033
50042
50050
50052
50052
50046
50053
50043
50052
50062
50072
50070
50079
50087
50084
50088
50095
50087
50096
50094
50084
50074
50077
50078
50084
50082
50089
50092
50094
50089
50082
50084
50089
50093
50091
50087
50088
50091
50094
50086
50086
50091
50086
50079
50075
50073
50071
50067
50065
50075
50070
50067
50073
50083
50082
50088
50085
50095
50093
50087
50082
50086
50087
50080
50084
50080
50090
50086
50096
50101
50092
50082
50089
50079
50089
50090
50095
50094
50089
50087
50085
50090
50088
50087
50097
50096
50087
50087
50077
50087
50084
50079
50084
50075
50084
50087
50095
50101
50096
50099
50103
50108
50113
50112
50121
50115
50116
50112
50120
50114
50107
50113
50113
50116
50111
50117
50113
50112
50106
50107
50105
50103
50109
50116
50122
50112
50115
50122
50113
50114
50117
50118
50119
50124
50127
50134
50130
50128
50126
50134
50138
50143
50141
50147
50143
50146
50138
50128
50120
50128
50118
50126
50117
50114
50121
50126
50135
50138
50134
50132
50127
50137
50146
50140
50146
50152
50155
50158
50160
50163
50167
50163
50173
50180
50171
50169
50164
50170
50176
50167
50172
50177
50185
50185
50188
50180
50186
50186
50178
50178
50178
50176
50178
50168
50167
50161
50169
50161
50159
50155
50161
50163
50167
50166
50167
50171
50175
50176
50177
50169
50176
50172
50162
50163
50172
50173
50164
50162
50170
50164
50158
50164
50157
50150
50147
50153
50143
50147
50140
50139
50129
50136
50135
50142
50146
50151
50154
50162
50152
50162
50166
50170
50163
50154
50148
50141
50146
50148
50157
50153
50144
50138
50131
50129
50133
50127
50137
50147
50155
50148
50156
50153
50155
50153
50157
50148
50141
50134
50125
50128
50131
50129
50121
50112
50116
50106
50103
50094
50088
50095
50085
50086
50095
50093
50087
50083
50074
50077
50077
50087
50085
50082
50088
50088
50093
50090
50087
50092
50087
50089
50092
50091
50101
50094
50089
50092
50096
50102
50102
50108
50109
50104
50100
50101
50104
50103
50098
50097
50092
50084
50078
50072
50068
50062
50065
50065
50069
50077
50079
50071
50070
50080
50077
50075
50072
50064
50062
50055
50054
50048
50050
50057
50051
50059
50059
50052
50043
50052
50047
50057
50062
50061
50060
50062
50064
50059
50060
50070
50060
50058
50053
50063
50054
50059
50051
50041
50032
50039
50041
50043
50047
50054
50044
50038
50043
50037
50040
50047
50054
50057
50064
50074
50071
50069
50079
50080
