90
5107 52018
381 27238
5921 333849
2365 572119
6841 98228
7599 87411
7471 41935
4176 618471
1449 355403
6536 780471
1324 680473
4635 220357
495 332064
7317 622365
8257 312524
7722 354875
6471 326833
2462 181089
6880 801859
6556 546317
4377 623475
6774 110657
8849 631675
5161 517413
2333 755649
1958 74791
4315 528368
6074 81281
4966 293319
5520 743550
8989 504826
8976 19780
3550 127787
8729 471086
5427 462675
4763 618972
6153 757280
7721 87745
5397 517963
5746 157404
7258 600071
3022 664698
3451 139694
1890 367903
5615 287066
7054 34325
8052 815711
5282 18591
1307 210818
2416 374541
5880 85334
5246 283822
4259 432930
3001 690273
5177 103253
780 800752
7694 576778
3240 450285
240 124084
250 632224
8258 257530
8032 362570
7433 122079
6501 581706
3819 826402
5150 896486
1325 685421
7826 830944
1161 431104
5189 284870
4818 749561
6463 696066
5078 719437
6342 264302
4385 359057
1541 322828
7591 537982
4561 136753
2771 572357
7659 766696
7289 802849
912 460788
1778 48998
3519 28485
1023 844425
5154 105558
6993 683643
4288 841249
446 53078
865 325763
