131
226
568
219
365
551
292
23
270
198
565
14
199
174
331
415
520
629
102
179
240
275
27
311
47
101
259
250
155
458
181
78
37
672
667
109
691
378
291
46
409
20
569
550
608
98
589
303
113
537
468
319
261
636
446
652
342
127
233
28
662
633
289
116
580
304
433
644
387
380
63
557
72
61
32
290
18
374
424
396
355
139
510
391
384
598
690
157
503
471
659
38
676
515
99
17
213
489
576
449
620
225
477
423
631
408
255
485
83
189
60
599
105
535
132
280
541
616
505
534
266
385
618
689
516
361
26
519
201
641
154
91
117
381
346
428
429
324
483
591
232
393
582
369
8
310
45
679
66
65
196
493
336
461
581
677
125
549
168
586
222
234
669
566
335
496
162
507
680
144
293
203
13
100
59
36
604
487
57
635
104
400
605
87
364
176
249
70
31
413
577
357
307
685
274
546
637
632
120
430
373
143
79
575
594
141
300
455
681
282
76
427
186
146
609
204
518
53
107
188
431
509
44
136
75
698
404
39
277
478
678
276
544
622
470
149
406
265
402
158
547
401
58
490
318
619
661
262
68
578
554
501
94
126
305
175
297
41
382
615
607
653
4
12
206
668
93
435
286
251
97
321
663
646
348
180
543
9
103
273
354
682
187
112
436
642
416
603
260
595
67
89
229
194
285
480
696
166
43
245
216
590
688
347
64
469
362
601
538
210
349
164
184
460
244
522
491
602
394
195
456
329
88
638
640
555
264
597
694
257
317
254
49
106
367
497
647
238
147
475
440
326
360
593
209
302
269
316
236
124
450
563
686
258
327
30
459
587
110
531
193
320
142
92
84
482
344
526
314
626
230
247
211
366
223
218
114
205
172
499
51
197
388
227
574
390
572
24
611
80
215
506
584
530
410
22
138
148
165
524
185
153
137
50
231
419
237
612
323
693
135
517
69
85
426
383
464
571
536
169
156
253
212
301
263
405
48
167
407
322
15
457
372
532
351
108
527
16
370
178
25
438
161
533
243
296
122
313
452
447
287
625
163
567
476
660
573
596
655
182
267
95
159
670
52
474
128
548
62
583
421
345
684
239
417
192
562
687
129
389
558
473
511
334
542
451
294
73
170
472
224
308
570
630
379
284
525
191
299
242
500
278
35
556
656
183
29
494
448
420
356
614
648
368
353
512
377
649
621
397
34
288
434
634
639
150
19
352
627
111
145
553
650
658
90
2
171
675
465
592
271
657
350
333
414
467
559
1
495
654
666
246
443
671
624
371
462
545
481
560
418
252
412
160
399
528
695
579
343
610
330
115
312
315
463
398
281
521
134
140
561
442
123
492
130
309
11
54
208
71
513
152
235
248
617
454
651
268
564
306
190
466
119
77
283
645
207
42
552
10
359
606
504
81
432
453
386
298
514
340
588
74
118
358
214
200
628
173
540
33
683
133
665
623
55
121
202
295
445
498
5
339
392
697
228
220
82
664
337
151
444
363
332
256 523
539
7
96
673
341
600
6
484
56
674
411
3
328 395
437
375
486
177
403
502
699
441 700
40
425 529
508 692
376
272
585
241 479 488 217 21 643 422
325 613 86
338 221 439 279
