10000 100
31 245
73 3246
49 5984
51 6098
53 2917
94 1598
95 1215
52 8334
80 4750
61 2830
0 2263
99 7279
97 1221
83 3738
16 795
15 5820
17 7479
37 1908
75 9960
32 8595
56 7021
97 4813
22 1076
73 861
72 1844
49 3808
59 7372
35 3468
68 7619
35 8964
32 1735
91 6361
21 1220
31 3741
77 8785
48 8984
80 719
84 5518
58 1215
63 724
13 9856
44 5667
73 2512
21 2519
98 2056
31 3547
86 3350
93 1502
70 5124
56 9092
56 885
23 8707
95 9615
11 3226
27 8770
82 2589
76 1650
20 1983
49 2708
50 6096
23 4716
51 9333
92 6300
63 2539
49 9365
58 7736
27 2050
81 4207
29 6464
51 9575
0 2030
58 8519
25 8384
66 8880
35 639
11 4538
33 892
59 7651
2 8836
79 6599
33 1728
66 4562
72 7701
10 2677
3 6930
58 8341
50 2562
51 6476
47 3596
19 2839
56 5252
26 9959
41 3580
67 4829
81 200
83 2324
23 3611
29 2409
87 7386
34 8064
